1 44
2 44
3 42
3 43
5 40
5 41
5 113
6 113
6 278
7 39
7 98
7 109
7 113
8 98
8 109
8 145
9 34
9 35
9 98
9 145
10 104
10 145
10 238
11 32
11 238
12 30
12 238
12 245
13 207
13 236
13 245
14 30
14 31
15 30
15 209
15 210
16 28
16 29
16 210
17 28
17 194
17 210
18 27
19 26
19 27
20 26
24 20
24 186
25 20
25 21
27 17
27 18
28 18
28 154
29 14
29 16
29 152
30 14
30 152
30 153
31 12
31 13
31 14
32 13
32 150
33 10
33 11
33 13
33 150
35 8
35 277
36 277
37 8
37 9
38 97
38 98
39 7
39 98
40 94
40 95
41 5
42 92
42 93
43 2
43 3
44 90
44 91
49 75
50 46
51 62
51 72
52 62
52 91
52 92
53 62
55 94
57 60
57 65
58 100
61 64
61 65
62 65
62 68
63 68
63 69
64 60
64 61
64 69
65 60
65 68
65 69
66 69
66 70
66 111
67 70
67 71
67 114
68 65
68 71
68 72
69 72
69 73
69 138
70 73
70 74
70 114
70 115
70 138
71 74
71 75
71 114
71 118
71 122
72 75
72 76
73 76
73 77
74 77
74 78
74 134
75 78
75 79
75 84
75 122
76 79
76 80
77 80
77 81
78 81
78 83
78 84
79 84
83 78
83 124
84 78
85 88
87 47
88 75
88 122
89 45
89 46
89 51
89 75
89 122
90 46
90 51
90 52
90 122
91 43
91 46
92 53
92 54
93 41
93 42
93 53
93 55
94 55
95 39
96 39
97 37
97 39
98 39
101 104
102 174
102 238
102 243
103 10
103 12
103 238
104 9
104 10
104 145
105 10
105 108
105 109
105 145
106 39
106 96
106 98
106 109
106 110
107 66
107 110
107 111
108 66
108 111
108 112
108 142
108 145
109 7
109 112
109 113
109 145
110 7
110 41
110 113
110 114
111 70
111 114
111 115
112 115
112 116
112 142
112 146
113 116
113 117
113 278
114 117
114 118
115 74
115 119
115 131
116 119
116 120
116 131
117 5
117 120
117 121
118 74
118 121
118 122
118 124
119 74
119 124
120 123
121 45
122 85
122 88
124 83
124 119
125 83
125 119
126 83
126 119
126 130
127 130
127 131
128 131
128 132
128 146
128 147
129 132
129 133
129 147
130 127
130 133
130 134
131 115
131 134
131 146
132 136
132 143
132 146
133 136
133 137
134 73
134 137
134 138
135 115
135 138
135 142
136 142
136 143
137 69
138 66
139 108
139 136
139 142
139 143
140 108
140 136
140 143
141 108
141 144
141 145
142 108
142 112
142 145
142 146
143 132
143 146
143 147
143 160
144 34
144 147
144 160
145 34
145 112
145 278
145 279
146 112
146 116
146 128
146 279
147 128
147 279
148 34
148 275
148 276
148 279
149 34
149 144
150 34
150 162
150 163
151 31
151 32
152 31
152 160
152 161
152 163
153 29
153 30
153 160
154 158
154 159
155 27
155 158
155 159
156 25
156 136
157 25
157 136
157 143
158 136
159 153
159 154
161 151
161 152
162 149
162 151
163 149
163 150
164 274
165 33
165 274
166 33
166 170
167 33
167 271
168 271
169 247
169 248
170 269
171 245
171 246
171 248
171 269
172 268
173 243
173 244
174 243
174 266
175 225
175 242
176 221
176 266
177 174
177 221
177 242
178 219
180 183
180 184
181 184
181 185
181 240
182 185
182 186
183 187
184 187
184 190
185 26
185 190
185 192
186 192
187 190
187 192
188 192
189 214
190 187
190 214
191 17
192 17
194 18
195 29
196 18
196 29
197 29
197 152
197 202
198 201
198 202
199 152
199 202
199 203
200 203
200 204
201 198
201 204
201 205
202 14
202 205
202 207
203 207
206 16
207 14
207 16
207 236
208 14
208 16
208 236
209 15
209 212
209 236
210 190
210 191
211 184
211 190
211 214
211 215
211 237
212 209
212 215
212 216
212 237
213 216
213 217
214 217
214 218
215 184
215 219
215 222
216 220
216 222
216 223
217 220
219 222
219 223
220 223
220 224
221 175
221 224
221 225
222 175
222 225
222 226
223 216
223 226
223 227
224 227
224 228
224 264
225 228
225 229
225 264
226 229
226 230
226 244
227 230
227 231
228 231
228 232
229 232
229 235
230 235
232 248
233 230
234 230
234 246
234 247
235 212
235 226
235 230
236 212
236 226
236 244
236 245
237 209
237 212
237 244
237 245
238 12
238 209
238 245
239 10
239 12
239 15
239 209
239 211
240 179
240 184
240 211
240 237
241 179
241 237
242 175
242 179
242 222
242 237
243 175
243 237
243 238
244 172
244 173
245 235
246 170
246 171
246 235
247 170
247 233
247 234
248 168
248 169
249 169
250 169
250 253
250 254
251 169
251 254
251 255
252 255
252 256
253 248
253 250
253 256
253 257
254 171
254 248
254 257
254 258
254 269
255 258
255 259
255 269
256 259
256 260
257 171
257 228
257 260
257 261
258 171
258 261
260 228
261 228
262 265
263 266
264 225
265 173
265 225
266 174
267 171
267 258
268 171
268 172
268 258
269 255
270 35
270 169
270 170
271 35
271 36
271 169
271 170
272 33
272 35
272 167
272 170
273 33
273 34
273 167
274 34
274 149
274 150
274 167
275 34
276 34
276 279
276 280
277 6
277 8
277 280
277 281
278 6
278 281
278 282
279 276
279 282
279 283
280 275
280 283
